cam0:
  T_cam_imu:
  - [0.9997437378978071, 0.021939981026170046, 0.005576357833976186, 0.01853838206714178]
  - [0.013672268078671997, -0.7815329320406696, 0.623714153456132, 0.09231159392326344]
  - [0.01804238398067661, -0.6234780776967911, -0.7816326240708025, -0.39277786089853056]
  - [0.0, 0.0, 0.0, 1.0]
  cam_overlaps: []
  camera_model: pinhole
  distortion_coeffs: [0.0, 0.0, 0.0, 0.0]
  distortion_model: radtan
  intrinsics: [653.4220818891049, 646.9388794125374, 260.19675418213643, 259.4653326146887]
  resolution: [520, 524]
  rostopic: /cam0/image_raw
  timeshift_cam_imu: -0.0660073858651273
  timeshift_cam_to_imu: 0.05
