cam0:
  T_cam_imu:
  - [0.9994117102922604, 0.030334394918666813, 0.016001806636070592, 0.019008945204218405]
  - [0.011562658282984865, -0.7372788977685816, 0.6754895497626718, 0.09405652119100798]
  - [0.03228836112488141, -0.6749071427908173, -0.737195910423956, -0.4019477219552626]
  - [0.0, 0.0, 0.0, 1.0]
  camera_model: pinhole
  distortion_coeffs: [0.23464296558046396, -0.6930807122946856, 0.0014095085467010708, 0.0010253107632184997]
  distortion_model: radtan
  intrinsics: [653.4220818891049, 646.9388794125374, 260.19675418213643, 259.4653326146887]
  resolution: [520, 524]
  rostopic: /cam0/image_raw
  timeshift_cam_imu: -0.06380292493985269
