cam0:
  cam_overlaps: []
  camera_model: pinhole
  distortion_coeffs: [0.23464296558046396, -0.6930807122946856, 0.0014095085467010708, 0.0010253107632184997]
  distortion_model: radtan
  intrinsics: [653.4220818891049, 646.9388794125374, 260.19675418213643, 259.4653326146887]
  resolution: [520, 524]
  rostopic: /cam0/image_raw
  timeshift_cam_to_imu: 0.5
  T_cam_imu:
  - [0.9999, 0.0000, 0.0000, 0.01]
  - [0.0000, 0.9999, 0.0000, 0.00]
  - [0.0000, 0.0000, 0.9999, 0.05]
  - [0.0000, 0.0000, 0.0000, 1.00]
