cam0:
  camera_model: pinhole
  intrinsics: [458.1, 457.9, 321.5, 241.8]  # fx, fy, cx, cy (需要先用相机内参标定获得)
  distortion_coefficients: [-0.02, 0.11, 0.0, 0.0]  # k1, k2, p1, p2
  distortion_model: radtan
  T_cam_imu:
    - [0.999979, -0.006464, 0.000000, 0.000000]
    - [0.006464, 0.999979, 0.000000, 0.000000]
    - [0.000000, 0.000000, 1.000000, 0.000000]
    - [0.000000, 0.000000, 0.000000, 1.000000]

